28.57055
30.34395
34.18138
33.55501
32.54869
34.02072
34.25855
33.55715
32.92696
35.38909
37.21309
37.31423
37.61034
34.42079
35.59495
37.0064
34.10671
35.13345
33.77951
34.34789
33.19384
30.90378
31.20626
34.08804
34.16135
34.0813
30.81658
30.32096
33.45825
33.25449
31.77068
36.16984
36.19839
33.65016
33.52569
36.38798
36.31377
35.09264
35.10726
32.07385
29.28545
27.9147
29.07118
33.328
29.45787
29.78268
31.46628
30.2545
29.20732
30.10375
32.44621
33.48938
31.4645
31.03836
33.38295
33.97345
30.42106
31.36689
29.6912
33.34884
33.29576
31.82995
31.32154
33.05386
32.34865
30.05073
30.40494
31.0709
32.72779
32.57545
31.45456
32.51895
32.89692
31.98233
32.73088
34.59078
32.24976
32.23817
33.11512
34.41515
31.13067
33.12775
37.00307
36.758
34.67664
35.49133
31.35524
32.10613
32.6912
34.22791
33.16779
34.00859
34.95854
34.79856
30.95452
32.84828
32.06007
29.43388
34.59469
38.11653
37.1693
35.62614
34.70654
32.62489
34.26
36.14113
31.6659
33.29173
35.8077
31.56366
30.82747
30.62376
30.5254
34.42029
31.102
33.40242
33.87764
33.0681
31.58998
33.63262
33.21665
32.21596
31.68222
31.99473
31.15916
30.58647
30.59889
30.81604
31.82816
31.12452
28.88018
30.79752
30.88827
33.38452
35.38745
34.78574
33.02136
31.99247
28.78922
29.07309
29.24419
29.6343
32.22234
31.90999
34.22268
30.87694
30.98776
34.26109
34.76062
32.70222
33.29014
31.76974
31.0996
31.01263
30.87032
31.558
32.72722
31.71239
32.9763
31.95045
33.73168
34.03653
30.33848
33.2196
30.47862
30.01276
31.6855
32.76546
34.13056
34.00672
35.41009
32.09744
32.01347
31.98943
33.82897
34.36979
32.66094
34.05213
34.60835
33.94862
32.4106
34.69687
33.11373
32.21342
32.68347
33.83338
33.27995
31.67763
32.70424
32.18807
27.65793
26.82305
27.85013
30.03223
29.46253
33.28412
32.7426
31.27323
30.2943
29.97182
27.32744
34.11153
41.52004
36.89277
35.13804
34.62316
33.17954
29.50944
28.16524
30.65878
30.25887
34.42767
34.37943
33.00823
34.41165
33.23262
31.83397
31.52563
32.84752
35.93
35.5946
34.84279
32.19169
30.76407
31.53373
33.26801
34.2237
36.46647
32.52692
31.25866
28.47961
31.55766
33.91851
36.83463
40.26079
37.46887
38.43393
36.91509
35.01551
34.89557
32.55778
32.855
32.97471
32.49628
32.09715
33.75831
31.20956
33.47417
34.33852
32.17882
34.14924
38.46146
37.4926
37.04885
32.6241
32.01862
34.13905
33.20792
30.85487
33.12029
34.69454
33.58471
34.59307
32.47554
30.14422
26.65471
26.59251
27.1871
31.8232
32.06748
31.48955
32.02668
38.81148
37.16878
35.4772
34.81592
36.03386
32.75
35.56767
35.26154
30.7404
30.42771
30.97635
28.15718
30.46759
29.62614
30.09732
30.15405
29.8391
32.05146
29.50308
31.76363
30.77536
30.50636
30.24729
27.91491
29.90939
29.95109
29.46803
27.60179
