0.4109249
1.538402
-0.4668251
1.971001
0.8596343
1.32777
1.034939
0.7003212
1.239889
1.53355
-0.4156857
0.1938035
1.43407
0.6256361
1.835181
-0.7837928
1.533478
3.042858
0.3778678
1.761669
0.7216031
2.576128
1.296892
-0.05312642
1.059385
0.4822416
1.543259
1.278457
1.150649
2.515297
0.4799202
1.818506
2.218114
1.580017
0.536635
1.815979
0.37087
1.797575
0.6809159
0.9286684
1.02677
-0.1212291
1.814515
-0.02320234
1.688397
1.347278
0.8409501
0.4317717
0.6304256
0.699804
0.3435866
1.344987
1.168175
1.846737
2.091439
0.7058357
2.028326
1.840232
1.107056
1.205211
1.342557
1.805064
0.07052278
-0.4344289
0.1811023
0.8537644
1.353931
2.618827
1.871969
1.029961
0.5846785
0.0135291
0.8006659
1.459436
0.6421916
0.4035334
0.8163259
-0.06758948
2.069495
0.9817265
2.019699
1.821174
0.7209405
0.4484164
2.495578
0.391333
0.4767702
0.2628232
0.9517682
0.01961346
1.24844
0.7345226
0.1034607
1.602347
1.130736
0.9385936
0.004625644
1.398374
1.293427
1.407897
0.3402443
2.026925
0.6334002
0.733019
0.3534163
0.8228094
1.817704
0.6855308
0.2325672
1.137874
0.9315233
1.53679
0.9421519
-0.2129605
0.3764615
1.254787
2.635541
1.079341
0.7505783
0.7432837
1.350544
0.5577123
-0.5067422
1.05241
0.2884441
0.8980891
0.7779937
1.248757
-0.06221837
0.2272806
1.446918
0.9260528
2.227816
0.4780088
-0.8395424
0.437014
1.24723
0.5348563
0.9292266
1.53416
1.121053
1.839433
0.08453001
1.311278
0.1786729
0.7156319
0.9395759
2.259499
2.048663
0.7418199
1.895519
0.6467568
1.04625
0.5800157
1.015087
2.698353
1.222785
-0.4278942
1.220176
1.318784
1.289267
1.459275
0.6116363
1.084136
1.107871
1.544942
1.264395
-0.3025831
1.806948
2.54917
1.734666
1.031577
0.006585534
2.760126
-0.003778839
1.696928
1.66777
1.761241
1.643149
0.6895181
0.2374164
0.6778356
0.6558881
1.423296
-0.5208649
1.237986
1.423595
0.04204093
-0.1482642
-0.08756431
0.3454117
1.056599
0.4872186
1.50781
2.003973
1.472286
0.718775
1.665951
1.206867
1.073435
0.3303039
0.1594768
0.717079
0.786495
-0.7088387
0.6572009
2.408087
0.7906307
0.9624181
1.685308
-0.2690474
0.4869423
0.1416949
1.45044
0.3480495
0.2983523
0.8288416
2.129609
0.6399738
0.3943747
1.156842
0.4628485
0.8654357
1.355394
1.121322
0.6232296
1.433566
1.38739
0.5898776
0.8315009
1.509066
0.4897911
0.4201302
0.9634661
1.631094
2.984402
0.961837
1.664189
2.135166
-0.3519588
-0.3147497
1.995178
1.488649
1.881222
0.04981403
0.4346132
0.4535384
2.194794
-0.03709241
1.085653
0.6945206
0.7666761
1.050873
1.744327
1.947084
0.6838923
2.13315
0.8191444
-0.195383
1.617672
1.112753
1.528287
0.8803142
-0.3485013
1.985096
1.235314
1.961956
2.015579
0.8081719
0.2007148
1.53126
-0.1940862
2.567828
0.969088
1.062149
0.236155
-0.5105167
-0.7599283
0.3642091
0.3988551
0.7534187
0.923624
0.9197763
1.622354
0.9614703
0.02252641
1.164555
0.9858041
0.9193495
0.3773502
1.832708
1.202753
0.7141001
1.269686
1.068635
2.148546
0.4712387
0.9523462
0.5480721
0.2882193
