1.071874
0.952969
1.000494
0.8239045
1.165699
0.8863469
1.250313
0.895499
0.9538319
0.9344858
1.0229
0.8853636
1.14945
1.155936
1.0928
0.8793145
0.6900046
0.8755027
1.153696
0.8868826
0.9771318
0.875625
1.102408
1.037726
0.8915688
0.8633706
0.9642857
0.9132112
1.123389
0.9602404
1.015471
0.9128552
1.063167
1.310595
0.9854724
0.8992717
0.8123707
1.032649
0.8207581
0.7082379
1.235339
1.193984
1.023326
1.450947
1.140776
0.9738982
1.404235
1.04595
1.047859
0.8528734
1.223683
0.9057545
0.826135
1.071002
1.024123
0.8578349
1.206315
0.9755461
0.9772263
1.019771
1.128546
1.071693
1.223872
1.058007
0.8793062
1.054575
1.076536
1.341785
1.091877
0.9329324
0.8611588
1.039035
1.092025
1.077677
0.9115985
0.9641104
0.9644416
0.9799485
1.09502
1.235542
1.059483
1.187855
1.040951
0.9620044
1.174477
1.312394
1.598994
1.176543
1.486509
1.156271
0.7518914
0.9826898
1.133168
0.9433756
1.200953
1.009231
0.863928
0.8588111
1.1828
0.7876137
1.084347
0.7728737
1.014575
1.147318
1.386132
1.083486
1.460038
0.727027
0.9738682
1.013732
1.179325
1.321769
0.9737564
1.295213
1.042965
1.277517
1.148864
1.227457
1.370514
1.154309
0.9066692
0.9439155
0.9244557
1.022945
1.103183
1.215081
1.123907
0.9415048
0.8858815
0.872791
1.054739
1.1333
1.481458
1.38676
0.9430545
1.151118
0.9627742
1.01521
1.288904
1.306458
0.8653757
0.7938966
0.9526602
1.1444
1.037035
1.154416
0.8828146
1.134348
1.404969
1.091458
1.280867
0.9849228
1.350452
1.100612
1.212053
1.092408
1.334393
1.342696
1.244946
1.27205
1.126088
1.173336
1.229409
0.9599285
1.136439
0.9251688
1.194616
0.984903
1.254503
1.483928
1.014662
1.010719
1.035483
1.217024
1.002908
1.096702
1.041562
0.9949504
1.168697
1.219175
1.091035
1.337105
1.093828
1.184385
1.331485
1.121633
1.27629
0.9568518
1.31524
1.141057
0.9782945
1.074989
1.258174
1.038219
1.120719
1.026708
0.9091995
1.07083
0.7650197
1.175765
1.319406
0.8530197
1.028972
0.8708734
0.9710674
1.203854
1.370721
1.429369
1.078296
0.799554
1.10576
1.071683
1.108631
1.071847
1.15126
1.199309
1.106691
1.128184
0.998699
1.045113
1.110724
2.009542
1.140826
0.9787706
0.9357371
1.295666
1.115171
0.8387782
0.7634378
0.837495
0.7792204
0.8064852
0.8975057
1.075249
0.8713207
1.003393
0.9977166
1.038068
1.307468
0.9984652
0.9814647
0.9804552
0.732635
0.9043468
0.7625769
0.7310034
0.8976597
0.8558356
0.9810947
1.349122
1.047421
1.097371
1.034419
1.017237
0.9706341
1.05759
1.270704
1.105361
1.135157
1.459605
1.267385
1.341135
1.236621
1.106617
0.879548
1.256016
1.219437
1.015933
1.033908
1.006579
1.176939
0.9322181
1.007358
1.179042
0.8679267
0.9215407
1.029067
0.9799573
1.298316
1.121677
1.041798
1.252214
1.325802
1.038181
0.9208347
1.378422
0.8472099
0.8314761
0.8553892
0.91301
0.9644342
0.933045
0.9315055
1.370843
0.9445112
1.003039
1.05569
1.269226
0.8875573
1.128879
