41.63591
35.36102
29.31368
23.34079
20.02286
18.9737
17.55612
17.49488
16.9809
16.80378
15.84621
15.73381
15.08
15.52017
16.5792
15.92633
16.73418
17.03366
17.32769
16.83227
16.046
16.32213
16.65629
16.59172
16.84104
17.92899
17.73673
16.66
17.26198
16.32468
16.45288
15.91153
16.15631
16.6804
17.02688
15.94271
16.72926
16.45563
17.37583
17.29169
17.02759
16.68919
16.11841
16.41976
15.72827
15.64461
15.66331
16.24391
16.8021
17.35414
16.19372
15.36715
16.1086
15.06531
15.94327
15.74894
16.47517
15.82139
16.07766
15.83201
15.7125
15.34966
15.68555
16.2551
15.35417
15.83259
16.12302
16.8745
15.76505
15.51777
15.48266
16.8727
16.14569
15.9149
16.3317
16.30492
16.26864
16.50917
15.75889
15.16826
16.06837
16.19555
16.05415
16.54853
17.03123
16.9511
16.78942
16.39724
16.26511
16.35642
16.5102
16.06027
15.11619
16.01942
16.9767
16.04837
16.35142
16.36636
16.9303
16.51421
16.2884
16.58746
16.40974
16.42802
16.80028
15.37767
17.05975
16.82148
16.01778
16.99415
17.05443
16.6156
16.72635
15.8512
14.9432
14.82368
15.56782
15.56288
16.24799
16.30233
16.45604
16.52946
16.59558
15.6475
15.62188
15.34632
15.44808
16.54131
16.42067
15.24367
15.3415
15.19389
15.64346
14.98342
15.50583
15.43068
16.18381
16.00285
15.77392
15.73211
15.77869
16.35255
14.68871
16.21902
14.98904
15.49749
15.77344
15.86909
15.48353
15.78224
16.18662
16.74428
16.18624
16.82243
15.66651
17.13659
16.84897
15.01506
14.72063
16.27884
17.23713
16.84958
17.0812
17.49957
16.55257
14.91742
16.52399
16.53595
16.64039
17.27222
16.39184
16.84255
16.75681
16.41562
16.32668
15.50985
16.38651
16.05926
16.55356
17.20811
15.86037
15.78308
16.72666
16.60149
16.49728
16.37105
16.86372
16.73667
17.35238
16.73324
16.31993
16.89505
17.50898
17.27455
16.9321
16.41998
16.33948
16.28126
16.68063
16.85747
16.74285
17.34801
16.33113
16.92723
17.32377
16.87876
17.88867
17.37486
18.3152
17.115
16.58197
16.60546
17.55063
16.18679
15.6237
16.79477
16.26288
16.56454
15.7655
16.4979
16.61011
16.89116
15.78363
16.12885
16.9287
15.78436
15.68661
15.42303
15.72223
15.17918
14.85613
15.32754
15.01455
16.01173
16.95299
15.67351
16.94431
16.96218
17.56996
17.65834
18.94775
18.13114
16.81837
16.25201
17.26137
17.48943
17.77674
17.58969
16.8431
16.33064
17.30457
16.25594
16.77419
16.45297
15.91839
16.39137
16.60387
16.18267
15.57372
16.28251
14.33971
15.72067
15.74257
15.26742
15.61527
16.81954
17.77859
17.48759
16.92975
16.05912
16.51187
16.8369
16.86371
16.16883
16.49163
16.59263
15.81861
16.15381
16.8605
17.43216
17.01654
15.91175
17.18363
16.47118
16.43625
18.6652
18.72472
17.99199
16.34381
17.38452
17.63253
17.19939
17.07428
15.79369
15.8161
16.06404
14.94143
15.46765
15.25005
16.01452
