0.04901602
0.1833991
0.04357995
0.1296574
-0.09677358
-0.06067043
-0.04498621
0.09449628
0.1127143
-0.00533742
0.03018591
-0.007815356
-0.03840593
-0.1678891
-0.03934164
0.03070747
0.01937055
0.04517263
0.03326977
-0.0203192
0.07675909
-0.02447953
0.1142345
0.0005094808
-0.0007059017
-0.0729824
0.07107776
0.1287873
0.02693786
-0.0687102
0.006920494
-0.02886521
-0.05580295
0.08082083
-0.009549464
-0.1175511
-0.003311458
0.03014629
-0.1703271
-0.03040213
-0.1285569
0.00492323
0.02344024
0.04836679
0.08917284
0.07289009
0.1058428
0.03084009
-0.007534069
0.01758704
-0.01762868
0.04611548
-0.1024656
0.03659556
0.03889567
0.07980985
-0.06981395
0.07213197
0.08730664
-0.008496637
-0.03424808
0.007730182
-0.05792507
-0.02720571
-0.1383195
-0.05701726
0.008999542
-0.05300298
-0.08457697
0.05237208
-0.01580385
0.01252092
0.1144692
0.02727322
-0.0834394
-0.1688583
-0.1180375
-0.1239965
0.005310212
-0.02942764
-0.07272759
-0.0731767
-0.05838828
0.004331386
-0.005136033
-0.05409353
0.119491
0.06805307
-0.03763821
-0.02205287
0.03671023
-0.02151279
-0.07156916
0.08710932
-0.01631746
0.00705476
0.05147233
0.04648428
-0.04992352
0.08077906
0.170336
0.1383718
0.03280154
0.08459352
0.04338758
-0.02136481
0.07424317
0.01582108
0.05998773
-0.001539143
0.02208169
0.1345844
-0.07628672
-0.1076559
-0.05282179
-0.01002822
-0.06966822
0.04420631
-0.09021901
-0.04467722
-0.04886827
0.04260624
0.1471312
-0.01204476
0.08601032
0.006298484
0.03684341
-0.07130601
0.08588962
0.09956648
0.01152028
0.005035702
0.09868517
-0.01274485
-0.08942566
0.06691601
-0.08552818
-0.09425762
0.03766716
0.04241144
-0.01463608
-0.1452154
-0.1147508
0.09741712
-0.0993489
-0.01721305
0.01759122
-0.02521621
-0.00569529
-0.06970901
-0.09810174
0.09256308
-0.1008687
0.02338963
-0.05748733
-0.08731667
-0.09873625
0.05886397
-0.134762
-0.03874697
0.03153482
-0.05144133
-0.05185203
-0.1043643
0.0706367
-0.06670076
0.06150647
0.09855166
0.04347013
-0.04446644
-0.09884534
-0.04664444
-0.0008024835
0.04124588
-0.08962462
-0.1245082
0.0018669
0.09717896
0.03854284
-0.0897799
-0.1650662
-0.1022059
-0.005637054
-0.05863134
-0.05801581
-0.03629229
0.006274363
-0.05334538
-0.09976092
0.01806133
0.00831789
0.006572047
0.03167514
-0.1119424
0.04806212
0.02964853
0.04437064
0.006050525
0.01425967
0.04726177
0.03004463
-0.1492054
0.12848
-0.1077943
-0.08581106
-0.06030136
0.04804077
-0.09150787
-0.04082307
0.04444147
0.02331152
-0.07343195
-0.2650159
-0.04645411
0.1802069
-0.02691085
0.04408616
0.07864316
0.01707975
0.2090459
0.112007
-0.02620579
0.02910603
0.07963398
0.05113445
-0.04746272
-0.1129268
-0.1582377
-0.04079582
-0.03851359
0.1731786
0.00836465
-0.0412307
0.01761242
-0.2022453
-0.03192785
-0.02340671
-0.04295862
-0.01408616
-0.0242192
-0.02470739
0.006038114
0.1224721
0.08986254
-0.03473082
-0.01814571
-0.01700074
-0.04693544
0.2157376
-0.0038253
0.03745233
0.2020517
-0.07845204
-0.02824305
0.04168215
-0.04203912
-0.07643159
0.0814366
-0.01192044
0.03708685
-0.05641097
0.000877662
0.06412061
0.06744397
0.06839728
0.08472339
-0.0194503
0.1480913
0.05080303
0.07640989
-0.06903796
0.02040603
0.2082656
-0.0777989
-0.01994062
0.03712182
0.02562167
0.1302826
0.1549304
0.01213172
0.03139078
-0.0302716
0.105436
0.01564763
-0.1792979
0.01146177
-0.0709192
0.007931089
0.03057285
-0.009536363
-0.01082741
0.03531325
-0.0346344
0.0286353
-0.09691027
-0.127678
0.01463294
-0.05905914
-0.06748983
0.07283986
