16.04106
16.77439
15.98293
15.96058
16.71307
15.69422
16.34423
15.0042
15.93445
17.26117
16.1542
16.43666
17.26377
16.35544
16.3325
15.85453
16.17174
16.57265
15.7541
17.20302
14.94755
16.15654
16.51423
15.53322
16.31265
16.7599
15.76925
17.71618
16.06525
15.50499
15.11656
14.57873
16.34188
15.28157
15.65197
15.32249
16.23173
15.53187
16.80316
16.3557
15.85082
16.60729
14.99394
16.02707
15.68287
15.17152
15.86303
16.5421
15.58191
17.03998
15.07258
17.03924
15.85813
16.15402
15.02628
14.87907
16.22265
17.05412
17.47448
16.10458
15.50166
16.67523
15.14095
15.24333
15.71199
16.42057
16.89393
17.05145
16.85247
15.64282
16.22933
15.75804
15.60981
14.71566
15.69257
16.5352
14.69156
15.39488
16.24059
15.4376
16.84253
15.37128
16.38287
14.50832
16.65183
17.09152
16.48137
17.05621
17.3352
15.89691
15.72549
15.66795
15.62474
16.30313
15.68431
16.12561
17.33263
17.28412
15.81201
16.27749
17.09479
15.92577
18.87134
16.35296
15.75173
15.01248
16.47164
16.45518
16.04394
15.05051
16.1765
15.92058
15.92952
15.69044
15.32128
16.18359
14.14429
15.04488
15.13211
15.5549
15.01301
14.65227
15.15875
15.44046
14.75857
16.08623
14.9427
15.89712
16.11959
14.67756
15.90846
15.54115
16.67733
16.10314
16.91987
17.32067
15.25587
14.97664
16.56346
16.15833
15.82758
16.33571
16.02985
14.40271
15.05236
14.49154
16.67531
17.05121
17.33138
14.68202
15.87956
14.9581
14.85294
14.77273
14.37857
15.94895
16.64808
15.10554
14.91076
16.65426
16.41743
16.19451
15.68315
15.74097
16.12165
15.20386
15.26485
16.73089
14.78274
16.12755
16.67495
16.16436
14.57559
14.6371
17.22367
15.49252
15.93161
16.64358
14.5026
15.03385
17.44435
16.04533
17.3295
15.77741
15.50175
16.30022
14.31938
15.58496
15.20344
15.68907
15.66354
16.2228
15.43476
16.4034
16.21481
15.37424
17.71665
17.02678
16.3789
15.43324
15.91583
17.08169
15.00369
15.47039
16.09077
16.84442
17.39518
18.93049
15.95636
15.11556
16.5891
16.42607
15.42646
16.63194
18.00801
15.07509
16.32384
16.8137
16.71827
14.5643
15.41907
17.13252
15.88553
17.31943
15.82246
16.23766
16.67996
15.95393
16.75834
14.70333
15.42394
15.56511
16.1962
15.74942
16.2909
15.63227
16.79204
16.94688
16.00662
16.18558
15.72113
18.32894
16.0979
15.22112
15.04862
16.27524
15.21957
13.47387
14.82694
15.45992
15.08753
16.43951
16.44778
16.56443
14.61168
18.16733
16.12159
15.17721
17.21608
17.32332
16.14955
14.86769
15.0887
15.50293
15.7745
15.58892
14.33549
15.60125
16.3562
16.25115
15.40085
15.8677
15.55914
14.88878
16.6343
16.42962
17.05987
15.9248
16.53727
16.45919
15.33044
15.50743
16.13118
15.11126
16.24957
15.11099
14.79213
15.30086
17.43895
17.1136
17.0764
16.78954
15.80599
16.11448
15.60727
16.03139
16.90453
15.09318
15.17505
14.53704
